0.0 1.1 2.2 3.3 1.1 2.2
3.3 4.4 2.2 3.3 4.4 5.5

 1.592 -1.973  0.678 -1.716  1.124
 1.214 -0.396 -1.218 -1.534  0.098
-1.262  0.009 -1.528  1.765 -0.860
 1.783 -0.067 -1.682  1.69  -3.235
 0.687 -3.244  2.889  0.354  1.387

 1.592 -1.973  0.678 -1.716  1.124
 1.214 -0.396 -1.218 -1.534  0.098
-1.262  0.009 -1.528  1.765 -0.860
 1.783 -0.067 -1.682  1.69  -3.235
 0.687 -3.244  2.889  0.354  1.387

-38.590605994   7.685058335   -37.224568770  -33.327315810  67.803184301 -31.881460329  -31.703757277  -45.048548162
 69.051033337  -59.282702375   35.621185571   85.265888081  63.780970482 -33.229108124  -81.620234708   8.715260545
 77.383981914  -7.415971862   -40.239082622  -98.261619917 -83.045949034  46.734586426   68.194068488  -62.290925142
 76.421130158   9.934568922   -29.700127863   29.951003441 -13.485173282 -45.307350133  -80.633689082  -10.412394307
-1.111114631   -74.503603100   17.942696958  -37.092229881 -64.204240760 -80.674452139  -95.517106538   43.990408882
-53.197911919  -97.305617946  -15.520816350  -58.360396679 -63.186979370  16.437731551   68.954181191  -87.076722452
-98.474250547  -56.728941368  -43.317576658  -38.510885340 -52.449916095  74.260195519   91.106087245   20.008320510

 79.842818146  -81.755411803  -63.206167595   93.941229300  70.240838626 -62.225219869  -19.270340968  -76.620642178
 36.866913520   22.215534058  -23.519078793  -85.157270257 -38.241208875  80.002442366   1.048837184    27.806543618
-102.794846754 -72.989393804  -132.741675308  10.663093072  14.605272382 -129.187078275 -47.224573627  -103.408944841
 5.864053967   -42.844970824   104.575366762 -1.810834371  -34.693280065 -89.958049492  -124.937811366 -29.795624795
 24.934065819   66.844223657   50.867004623  -78.253299407 -3.203130888  -35.020825377   4.987900893    31.650304158
 146.661968784  -52.290650947 -48.970468831  -46.669638737  23.381740238 -23.091816075  -104.152767875 -95.569664564
-39.352323506    5.498839266   18.991534142  -9.285686263  -38.590605994  7.685058335   -37.224568770  -33.327315810

1.592 -1.973 0.678 -1.716
1.124 1.214 -0.396 -1.218
0.098 -1.262 0.009 -1.528

 1.765 -0.860 1.783 -0.067
 1.494 -0.711 0.669 -0.188
-0.641 2.074 -2.179 -1.151
